#Time       I(L1)      V(1)      
 0.         0.         0.        
 100.E-6    0.088437   10.661    
 200.E-6    0.35197    21.311    
 300.E-6    0.78787    31.94     
 400.E-6    1.3933     42.538    
 500.E-6    2.1652     53.094    
 600.E-6    3.1003     63.597    
 700.E-6    4.1956     74.038    
 800.E-6    5.4476     84.405    
 900.E-6    6.853      94.69     
 0.001      8.408      104.88    
 0.0011     10.109     114.97    
 0.0012     11.952     124.94    
 0.0013     13.933     134.79    
 0.0014     16.048     144.51    
 0.0015     18.293     154.08    
 0.0016     20.664     163.51    
 0.0017     23.156     172.77    
 0.0018     25.764     181.86    
 0.0019     28.485     190.77    
 0.002      31.314     199.49    
 0.0021     34.246     208.02    
 0.0022     37.275     216.34    
 0.0023     40.398     224.45    
 0.0024     43.61      232.33    
 0.0025     46.905     239.99    
 0.0026     50.278     247.41    
 0.0027     53.725     254.59    
 0.0028     57.24      261.51    
 0.0029     60.817     268.18    
 0.003      64.453     274.58    
 0.0031     68.141     280.71    
 0.0032     71.877     286.56    
 0.0033     75.654     292.14    
 0.0034     79.468     297.42    
 0.0035     83.314     302.41    
 0.0036     87.185     307.1     
 0.0037     91.078     311.49    
 0.0038     94.985     315.57    
 0.0039     98.902     319.33    
 0.004      102.82     322.79    
 0.0041     106.75     325.92    
 0.0042     110.66     328.74    
 0.0043     114.57     331.23    
 0.0044     118.45     333.39    
 0.0045     122.32     335.22    
 0.0046     126.16     336.72    
 0.0047     129.97     337.89    
 0.0048     133.74     338.73    
 0.0049     137.47     339.23    
 0.005      141.15     339.4     
 0.0051     144.78     339.23    
 0.0052     148.35     338.73    
 0.0053     151.86     337.89    
 0.0054     155.31     336.72    
 0.0055     158.68     335.22    
 0.0056     161.98     333.39    
 0.0057     165.21     331.22    
 0.0058     168.34     328.74    
 0.0059     171.39     325.92    
 0.006      174.35     322.79    
 0.0061     177.21     319.33    
 0.0062     179.97     315.56    
 0.0063     182.63     311.48    
 0.0064     185.18     307.1     
 0.0065     187.62     302.41    
 0.0066     189.94     297.42    
 0.0067     192.15     292.13    
 0.0068     194.23     286.56    
 0.0069     196.19     280.71    
 0.007      198.03     274.58    
 0.0071     199.73     268.18    
 0.0072     201.31     261.51    
 0.0073     202.75     254.59    
 0.0074     204.05     247.41    
 0.0075     205.21     239.99    
 0.0076     206.23     232.33    
 0.0077     207.11     224.45    
 0.0078     207.84     216.34    
 0.0079     208.43     208.02    
 0.008      208.87     199.49    
 0.0081     209.16     190.77    
 0.0082     209.3      181.86    
 0.0083     209.29     172.77    
 0.0084     209.13     163.51    
 0.0085     208.82     154.08    
 0.0086     208.35     144.51    
 0.0087     207.73     134.79    
 0.0088     206.96     124.94    
 0.0089     206.03     114.97    
 0.009      204.95     104.88    
 0.0091     203.72     94.688    
 0.0092     202.34     84.403    
 0.0093     200.8      74.036    
 0.0094     199.12     63.595    
 0.0095     197.28     53.092    
 0.0096     195.3      42.536    
 0.0097     193.17     31.938    
 0.0098     190.89     21.309    
 0.0099     188.47     10.659    
 0.01       185.91    -0.0018591 
 0.0101     183.29    -0.0018329 
 0.0102     180.71    -0.0018071 
 0.0103     178.17    -0.0017817 
 0.0104     175.66    -0.0017566 
 0.0105     173.19    -0.0017319 
 0.0106     170.76    -0.0017076 
 0.0107     168.36    -0.0016836 
 0.0108     165.99    -0.0016599 
 0.0109     163.65    -0.0016365 
 0.011      161.35    -0.0016135 
 0.0111     159.08    -0.0015908 
 0.0112     156.84    -0.0015684 
 0.0113     154.64    -0.0015464 
 0.0114     152.46    -0.0015246 
 0.0115     150.32    -0.0015032 
 0.0116     148.2     -0.001482  
 0.0117     146.12    -0.0014612 
 0.0118     144.06    -0.0014406 
 0.0119     142.03    -0.0014203 
 0.012      140.04    -0.0014004 
 0.0121     138.07    -0.0013807 
 0.0122     136.12    -0.0013612 
 0.0123     134.21    -0.0013421 
 0.0124     132.32    -0.0013232 
 0.0125     130.46    -0.0013046 
 0.0126     128.63    -0.0012863 
 0.0127     126.82    -0.0012682 
 0.0128     125.03    -0.0012503 
 0.0129     123.27    -0.0012327 
 0.013      121.54    -0.0012154 
 0.0131     119.83    -0.0011983 
 0.0132     118.14    -0.0011814 
 0.0133     116.48    -0.0011648 
 0.0134     114.84    -0.0011484 
 0.0135     113.23    -0.0011323 
 0.0136     111.63    -0.0011163 
 0.0137     110.06    -0.0011006 
 0.0138     108.52    -0.0010852 
 0.0139     106.99    -0.0010699 
 0.014      105.48    -0.0010548 
 0.0141     104.      -0.00104   
 0.0142     102.54    -0.0010254 
 0.0143     101.1     -0.001011  
 0.0144     99.673    -996.73E-6 
 0.0145     98.271    -982.71E-6 
 0.0146     96.889    -968.89E-6 
 0.0147     95.526    -955.26E-6 
 0.0148     94.182    -941.82E-6 
 0.0149     92.857    -928.57E-6 
 0.015      91.551    -915.51E-6 
 0.0151     90.263    -902.63E-6 
 0.0152     88.993    -889.93E-6 
 0.0153     87.741    -877.41E-6 
 0.0154     86.507    -865.07E-6 
 0.0155     85.29     -852.9E-6  
 0.0156     84.09     -840.9E-6  
 0.0157     82.907    -829.07E-6 
 0.0158     81.741    -817.41E-6 
 0.0159     80.591    -805.91E-6 
 0.016      79.458    -794.58E-6 
 0.0161     78.34     -783.4E-6  
 0.0162     77.238    -772.38E-6 
 0.0163     76.151    -761.51E-6 
 0.0164     75.08     -750.8E-6  
 0.0165     74.024    -740.24E-6 
 0.0166     72.983    -729.83E-6 
 0.0167     71.956    -719.56E-6 
 0.0168     70.944    -709.44E-6 
 0.0169     69.946    -699.46E-6 
 0.017      68.962    -689.62E-6 
 0.0171     67.992    -679.92E-6 
 0.0172     67.035    -670.35E-6 
 0.0173     66.092    -660.92E-6 
 0.0174     65.162    -651.62E-6 
 0.0175     64.246    -642.46E-6 
 0.0176     63.342    -633.42E-6 
 0.0177     62.451    -624.51E-6 
 0.0178     61.572    -615.72E-6 
 0.0179     60.706    -607.06E-6 
 0.018      59.852    -598.52E-6 
 0.0181     59.01     -590.1E-6  
 0.0182     58.18     -581.8E-6  
 0.0183     57.362    -573.62E-6 
 0.0184     56.555    -565.55E-6 
 0.0185     55.759    -557.59E-6 
 0.0186     54.975    -549.75E-6 
 0.0187     54.202    -542.02E-6 
 0.0188     53.439    -534.39E-6 
 0.0189     52.687    -526.87E-6 
 0.019      51.946    -519.46E-6 
 0.0191     51.216    -512.16E-6 
 0.0192     50.495    -504.95E-6 
 0.0193     49.785    -497.85E-6 
 0.0194     49.084    -490.84E-6 
 0.0195     48.394    -483.94E-6 
 0.0196     47.713    -477.13E-6 
 0.0197     47.042    -470.42E-6 
 0.0198     46.38     -463.8E-6  
 0.0199     45.728    -457.28E-6 
 0.02       45.085    -450.85E-6 
 0.0201     44.45     -444.5E-6  
 0.0202     43.825    -438.25E-6 
 0.0203     43.209    -432.09E-6 
 0.0204     42.601    -426.01E-6 
 0.0205     42.001    -420.01E-6 
 0.0206     41.411    -414.11E-6 
 0.0207     40.828    -408.28E-6 
 0.0208     40.254    -402.54E-6 
 0.0209     39.687    -396.87E-6 
 0.021      39.129    -391.29E-6 
 0.0211     38.579    -385.79E-6 
 0.0212     38.036    -380.36E-6 
 0.0213     37.501    -375.01E-6 
 0.0214     36.973    -369.73E-6 
 0.0215     36.453    -364.53E-6 
 0.0216     35.941    -359.41E-6 
 0.0217     35.435    -354.35E-6 
 0.0218     34.937    -349.37E-6 
 0.0219     34.445    -344.45E-6 
 0.022      33.961    -339.61E-6 
 0.0221     33.483    -334.83E-6 
 0.0222     33.012    -330.12E-6 
 0.0223     32.547    -325.47E-6 
 0.0224     32.09     -320.9E-6  
 0.0225     31.638    -316.38E-6 
 0.0226     31.193    -311.93E-6 
 0.0227     30.754    -307.54E-6 
 0.0228     30.322    -303.22E-6 
 0.0229     29.895    -298.95E-6 
 0.023      29.475    -294.75E-6 
 0.0231     29.06     -290.6E-6  
 0.0232     28.651    -286.51E-6 
 0.0233     28.248    -282.48E-6 
 0.0234     27.851    -278.51E-6 
 0.0235     27.459    -274.59E-6 
 0.0236     27.073    -270.73E-6 
 0.0237     26.692    -266.92E-6 
 0.0238     26.316    -263.16E-6 
 0.0239     25.946    -259.46E-6 
 0.024      25.581    -255.81E-6 
 0.0241     25.221    -252.21E-6 
 0.0242     24.867    -248.67E-6 
 0.0243     24.517    -245.17E-6 
 0.0244     24.172    -241.72E-6 
 0.0245     23.832    -238.32E-6 
 0.0246     23.497    -234.97E-6 
 0.0247     23.166    -231.66E-6 
 0.0248     22.84     -228.4E-6  
 0.0249     22.519    -225.19E-6 
 0.025      22.202    -222.02E-6 
 0.0251     21.89     -218.9E-6  
 0.0252     21.582    -215.82E-6 
 0.0253     21.278    -212.78E-6 
 0.0254     20.979    -209.79E-6 
 0.0255     20.684    -206.84E-6 
 0.0256     20.393    -203.93E-6 
 0.0257     20.106    -201.06E-6 
 0.0258     19.823    -198.23E-6 
 0.0259     19.544    -195.44E-6 
 0.026      19.269    -192.69E-6 
 0.0261     18.998    -189.98E-6 
 0.0262     18.731    -187.31E-6 
 0.0263     18.468    -184.68E-6 
 0.0264     18.208    -182.08E-6 
 0.0265     17.952    -179.52E-6 
 0.0266     17.699    -176.99E-6 
 0.0267     17.45     -174.5E-6  
 0.0268     17.205    -172.05E-6 
 0.0269     16.963    -169.63E-6 
 0.027      16.724    -167.24E-6 
 0.0271     16.489    -164.89E-6 
 0.0272     16.257    -162.57E-6 
 0.0273     16.028    -160.28E-6 
 0.0274     15.803    -158.03E-6 
 0.0275     15.58     -155.8E-6  
 0.0276     15.361    -153.61E-6 
 0.0277     15.145    -151.45E-6 
 0.0278     14.932    -149.32E-6 
 0.0279     14.722    -147.22E-6 
 0.028      14.515    -145.15E-6 
 0.0281     14.311    -143.11E-6 
 0.0282     14.109    -141.09E-6 
 0.0283     13.911    -139.11E-6 
 0.0284     13.715    -137.15E-6 
 0.0285     13.522    -135.22E-6 
 0.0286     13.332    -133.32E-6 
 0.0287     13.145    -131.45E-6 
 0.0288     12.96     -129.6E-6  
 0.0289     12.777    -127.77E-6 
 0.029      12.598    -125.98E-6 
 0.0291     12.42     -124.2E-6  
 0.0292     12.246    -122.46E-6 
 0.0293     12.073    -120.73E-6 
 0.0294     11.904    -119.04E-6 
 0.0295     11.736    -117.36E-6 
 0.0296     11.571    -115.71E-6 
 0.0297     11.408    -114.08E-6 
 0.0298     11.248    -112.48E-6 
 0.0299     11.09     -110.9E-6  
 0.03       10.934    -109.34E-6 
