#           V(3)       V(2)       V(E1.X1)   V(E2.X1)   V(E3.X1)  
 0.        -9.9569E-9  0.5        100.E-21   0.63717    0.83376   
 0.01       0.0049981  0.5        0.53599    0.63717    0.83376   
 0.02       0.0099999  0.5        0.55392    0.63717    0.83376   
 0.03       0.014998   0.5        0.56441    0.63717    0.83376   
 0.04       0.02       0.5        0.57185    0.63717    0.83376   
 0.05       0.025002   0.5        0.57762    0.63717    0.83376   
 0.06       0.030004   0.5        0.58233    0.63717    0.83376   
 0.07       0.035006   0.5        0.58632    0.63717    0.83376   
 0.08       0.040009   0.5        0.58977    0.63717    0.83376   
 0.09       0.045011   0.5        0.59282    0.63717    0.83376   
 0.1        0.050013   0.5        0.59554    0.63717    0.83376   
 0.11       0.055015   0.5        0.59801    0.63717    0.83376   
 0.12       0.060018   0.5        0.60026    0.63717    0.83376   
 0.13       0.06502    0.5        0.60233    0.63717    0.83376   
 0.14       0.070022   0.5        0.60425    0.63717    0.83376   
 0.15       0.07502    0.5        0.60603    0.63717    0.83376   
 0.16       0.080023   0.5        0.6077     0.63717    0.83376   
 0.17       0.085025   0.5        0.60927    0.63717    0.83376   
 0.18       0.090027   0.5        0.61075    0.63717    0.83376   
 0.19       0.09503    0.5        0.61215    0.63717    0.83376   
 0.2        0.10003    0.5        0.61347    0.63717    0.83376   
 0.21       0.10503    0.5        0.61473    0.63717    0.83376   
 0.22       0.11004    0.5        0.61594    0.63717    0.83376   
 0.23       0.11504    0.5        0.61709    0.63717    0.83376   
 0.24       0.12004    0.5        0.61819    0.63717    0.83376   
 0.25       0.12504    0.5        0.61924    0.63717    0.83376   
 0.26       0.13004    0.5        0.62026    0.63717    0.83376   
 0.27       0.13504    0.5        0.62123    0.63717    0.83376   
 0.28       0.14005    0.5        0.62218    0.63717    0.83376   
 0.29       0.14505    0.5        0.62308    0.63717    0.83376   
 0.3        0.15005    0.5        0.62396    0.63717    0.83376   
 0.31       0.15505    0.5        0.62481    0.63717    0.83376   
 0.32       0.16006    0.5        0.62563    0.63717    0.83376   
 0.33       0.16506    0.5        0.62642    0.63717    0.83376   
 0.34       0.17006    0.5        0.6272     0.63717    0.83376   
 0.35       0.17506    0.5        0.62795    0.63717    0.83376   
 0.36       0.18007    0.5        0.62868    0.63717    0.83376   
 0.37       0.18507    0.5        0.62938    0.63717    0.83376   
 0.38       0.19007    0.5        0.63007    0.63717    0.83376   
 0.39       0.19507    0.5        0.63075    0.63717    0.83376   
 0.4        0.20007    0.5        0.6314     0.63717    0.83376   
 0.41       0.20507    0.5        0.63204    0.63717    0.83376   
 0.42       0.21008    0.5        0.63266    0.63717    0.83376   
 0.43       0.21508    0.5        0.63327    0.63717    0.83376   
 0.44       0.22008    0.5        0.63387    0.63717    0.83376   
 0.45       0.22508    0.5        0.63445    0.63717    0.83376   
 0.46       0.23009    0.5        0.63502    0.63717    0.83376   
 0.47       0.23509    0.5        0.63557    0.63717    0.83376   
 0.48       0.24009    0.5        0.63612    0.63717    0.83376   
 0.49       0.24509    0.5        0.63665    0.63717    0.83376   
 0.5        0.25009    0.5        0.63717    0.63717    0.83376   
 0.51       0.25509    0.5        0.63768    0.63717    0.83376   
 0.52       0.2601     0.5        0.63819    0.63717    0.83376   
 0.53       0.2651     0.5        0.63868    0.63717    0.83376   
 0.54       0.2701     0.5        0.63916    0.63717    0.83376   
 0.55       0.2751     0.5        0.63964    0.63717    0.83376   
 0.56       0.28011    0.5        0.6401     0.63717    0.83376   
 0.57       0.28511    0.5        0.64056    0.63717    0.83376   
 0.58       0.29011    0.5        0.64101    0.63717    0.83376   
 0.59       0.29512    0.5        0.64145    0.63717    0.83376   
 0.6        0.30012    0.5        0.64189    0.63717    0.83376   
 0.61       0.30512    0.5        0.64231    0.63717    0.83376   
 0.62       0.31012    0.5        0.64274    0.63717    0.83376   
 0.63       0.31512    0.5        0.64315    0.63717    0.83376   
 0.64       0.32012    0.5        0.64356    0.63717    0.83376   
 0.65       0.32513    0.5        0.64396    0.63717    0.83376   
 0.66       0.33013    0.5        0.64435    0.63717    0.83376   
 0.67       0.33513    0.5        0.64474    0.63717    0.83376   
 0.68       0.34013    0.5        0.64512    0.63717    0.83376   
 0.69       0.34514    0.5        0.6455     0.63717    0.83376   
 0.7        0.35014    0.5        0.64587    0.63717    0.83376   
 0.71       0.35514    0.5        0.64624    0.63717    0.83376   
 0.72       0.36014    0.5        0.6466     0.63717    0.83376   
 0.73       0.36514    0.5        0.64696    0.63717    0.83376   
 0.74       0.37014    0.5        0.64731    0.63717    0.83376   
 0.75       0.37515    0.5        0.64766    0.63717    0.83376   
 0.76       0.38015    0.5        0.648      0.63717    0.83376   
 0.77       0.38515    0.5        0.64834    0.63717    0.83376   
 0.78       0.39015    0.5        0.64867    0.63717    0.83376   
 0.79       0.39516    0.5        0.649      0.63717    0.83376   
 0.8        0.40016    0.5        0.64933    0.63717    0.83376   
 0.81       0.40516    0.5        0.64965    0.63717    0.83376   
 0.82       0.41016    0.5        0.64997    0.63717    0.83376   
 0.83       0.41517    0.5        0.65028    0.63717    0.83376   
 0.84       0.42017    0.5        0.65059    0.63717    0.83376   
 0.85       0.42517    0.5        0.6509     0.63717    0.83376   
 0.86       0.43017    0.5        0.6512     0.63717    0.83376   
 0.87       0.43517    0.5        0.6515     0.63717    0.83376   
 0.88       0.44018    0.5        0.65179    0.63717    0.83376   
 0.89       0.44518    0.5        0.65209    0.63717    0.83376   
 0.9        0.45018    0.5        0.65237    0.63717    0.83376   
 0.91       0.45518    0.5        0.65266    0.63717    0.83376   
 0.92       0.46019    0.5        0.65294    0.63717    0.83376   
 0.93       0.46519    0.5        0.65322    0.63717    0.83376   
 0.94       0.47019    0.5        0.6535     0.63717    0.83376   
 0.95       0.47519    0.5        0.65377    0.63717    0.83376   
 0.96       0.4802     0.5        0.65404    0.63717    0.83376   
 0.97       0.48519    0.5        0.65431    0.63717    0.83376   
 0.98       0.4902     0.5        0.65458    0.63717    0.83376   
 0.99       0.4952     0.5        0.65484    0.63717    0.83376   
 1.         0.5002     0.5        0.6551     0.63717    0.83376   
