#           V(3)       V(2)      
 0.        -6.6973E-9  100.      
 1.         99.999     100.      
 2.         200.       100.      
 3.         300.       100.      
 4.         400.       100.      
 5.         499.99     100.      
 6.         599.99     100.      
 7.         699.99     100.      
 8.         799.99     100.      
 9.         899.99     100.      
 10.        999.99     100.      
 11.        1.1E+3     100.      
 12.        1.2E+3     100.      
 13.        1.3E+3     100.      
 14.        1.4E+3     100.      
 15.        1.5E+3     100.      
 16.        1.6E+3     100.      
 17.        1.7E+3     100.      
 18.        1.8E+3     100.      
 19.        1.9E+3     100.      
 20.        2.E+3      100.      
 21.        2.1E+3     100.      
 22.        2.2E+3     100.      
 23.        2.3E+3     100.      
 24.        2.4E+3     100.      
 25.        2.5E+3     100.      
 26.        2.6E+3     100.      
 27.        2.7E+3     100.      
 28.        2.8E+3     100.      
 29.        2.9E+3     100.      
 30.        3.E+3      100.      
 31.        3.1E+3     100.      
 32.        3.2E+3     100.      
 33.        3.3E+3     100.      
 34.        3.3999E+3  100.      
 35.        3.4999E+3  100.      
 36.        3.5999E+3  100.      
 37.        3.6999E+3  100.      
 38.        3.7999E+3  100.      
 39.        3.8999E+3  100.      
 40.        3.9999E+3  100.      
 41.        4.0999E+3  100.      
 42.        4.1999E+3  100.      
 43.        4.2999E+3  100.      
 44.        4.3999E+3  100.      
 45.        4.4999E+3  100.      
 46.        4.5999E+3  100.      
 47.        4.6999E+3  100.      
 48.        4.7999E+3  100.      
 49.        4.8999E+3  100.      
 50.        4.9999E+3  100.      
 51.        5.0999E+3  100.      
 52.        5.1999E+3  100.      
 53.        5.2999E+3  100.      
 54.        5.3999E+3  100.      
 55.        5.4999E+3  100.      
 56.        5.5999E+3  100.      
 57.        5.6999E+3  100.      
 58.        5.7999E+3  100.      
 59.        5.8999E+3  100.      
 60.        5.9999E+3  100.      
 61.        6.0999E+3  100.      
 62.        6.1999E+3  100.      
 63.        6.2999E+3  100.      
 64.        6.3999E+3  100.      
 65.        6.4999E+3  100.      
 66.        6.5999E+3  100.      
 67.        6.6999E+3  100.      
 68.        6.7999E+3  100.      
 69.        6.8999E+3  100.      
 70.        6.9999E+3  100.      
 71.        7.0999E+3  100.      
 72.        7.1998E+3  100.      
 73.        7.2998E+3  100.      
 74.        7.3998E+3  100.      
 75.        7.4998E+3  100.      
 76.        7.5998E+3  100.      
 77.        7.6998E+3  100.      
 78.        7.7998E+3  100.      
 79.        7.8998E+3  100.      
 80.        7.9998E+3  100.      
 81.        8.0998E+3  100.      
 82.        8.1998E+3  100.      
 83.        8.2998E+3  100.      
 84.        8.3998E+3  100.      
 85.        8.4998E+3  100.      
 86.        8.5998E+3  100.      
 87.        8.6998E+3  100.      
 88.        8.7998E+3  100.      
 89.        8.8998E+3  100.      
 90.        8.9998E+3  100.      
 91.        9.0998E+3  100.      
 92.        9.1998E+3  100.      
 93.        9.2998E+3  100.      
 94.        9.3998E+3  100.      
 95.        9.4998E+3  100.      
 96.        9.5998E+3  100.      
 97.        9.6998E+3  100.      
 98.        9.7998E+3  100.      
 99.        9.8997E+3  100.      
 100.       9.9997E+3  100.      
 101.       10.1E+3    100.      
 102.       10.2E+3    100.      
 103.       10.3E+3    100.      
 104.       10.4E+3    100.      
 105.       10.5E+3    100.      
 106.       10.6E+3    100.      
 107.       10.7E+3    100.      
 108.       10.8E+3    100.      
 109.       10.9E+3    100.      
 110.       11.E+3     100.      
 111.       11.1E+3    100.      
 112.       11.2E+3    100.      
 113.       11.3E+3    100.      
 114.       11.4E+3    100.      
 115.       11.5E+3    100.      
 116.       11.6E+3    100.      
 117.       11.7E+3    100.      
 118.       11.8E+3    100.      
 119.       11.9E+3    100.      
 120.       12.E+3     100.      
 121.       12.1E+3    100.      
 122.       12.2E+3    100.      
 123.       12.3E+3    100.      
 124.       12.4E+3    100.      
 125.       12.5E+3    100.      
 126.       12.6E+3    100.      
 127.       12.7E+3    100.      
 128.       12.8E+3    100.      
 129.       12.9E+3    100.      
 130.       13.E+3     100.      
 131.       13.1E+3    100.      
 132.       13.2E+3    100.      
 133.       13.3E+3    100.      
 134.       13.4E+3    100.      
 135.       13.5E+3    100.      
 136.       13.6E+3    100.      
 137.       13.7E+3    100.      
 138.       13.8E+3    100.      
 139.       13.9E+3    100.      
 140.       14.E+3     100.      
 141.       14.1E+3    100.      
 142.       14.2E+3    100.      
 143.       14.3E+3    100.      
 144.       14.4E+3    100.      
 145.       14.5E+3    100.      
 146.       14.6E+3    100.      
 147.       14.7E+3    100.      
 148.       14.8E+3    100.      
 149.       14.9E+3    100.      
 150.       15.E+3     100.      
 151.       15.099E+3  100.      
 152.       15.199E+3  100.      
 153.       15.299E+3  100.      
 154.       15.399E+3  100.      
 155.       15.499E+3  100.      
 156.       15.599E+3  100.      
 157.       15.699E+3  100.      
 158.       15.799E+3  100.      
 159.       15.899E+3  100.      
 160.       15.999E+3  100.      
 161.       16.099E+3  100.      
 162.       16.199E+3  100.      
 163.       16.299E+3  100.      
 164.       16.399E+3  100.      
 165.       16.499E+3  100.      
 166.       16.599E+3  100.      
 167.       16.699E+3  100.      
 168.       16.799E+3  100.      
 169.       16.899E+3  100.      
 170.       16.999E+3  100.      
 171.       17.099E+3  100.      
 172.       17.199E+3  100.      
 173.       17.299E+3  100.      
 174.       17.399E+3  100.      
 175.       17.499E+3  100.      
 176.       17.599E+3  100.      
 177.       17.699E+3  100.      
 178.       17.799E+3  100.      
 179.       17.899E+3  100.      
 180.       17.999E+3  100.      
 181.       18.099E+3  100.      
 182.       18.199E+3  100.      
 183.       18.299E+3  100.      
 184.       18.399E+3  100.      
 185.       18.499E+3  100.      
 186.       18.599E+3  100.      
 187.       18.699E+3  100.      
 188.       18.799E+3  100.      
 189.       18.899E+3  100.      
 190.       18.999E+3  100.      
 191.       19.099E+3  100.      
 192.       19.199E+3  100.      
 193.       19.299E+3  100.      
 194.       19.399E+3  100.      
 195.       19.499E+3  100.      
 196.       19.599E+3  100.      
 197.       19.699E+3  100.      
 198.       19.799E+3  100.      
 199.       19.899E+3  100.      
 200.       19.999E+3  100.      
 201.       20.099E+3  100.      
 202.       20.199E+3  100.      
 203.       20.299E+3  100.      
 204.       20.399E+3  100.      
 205.       20.499E+3  100.      
 206.       20.599E+3  100.      
 207.       20.699E+3  100.      
 208.       20.799E+3  100.      
 209.       20.899E+3  100.      
 210.       20.999E+3  100.      
 211.       21.099E+3  100.      
 212.       21.199E+3  100.      
 213.       21.299E+3  100.      
 214.       21.399E+3  100.      
 215.       21.499E+3  100.      
 216.       21.599E+3  100.      
 217.       21.699E+3  100.      
 218.       21.799E+3  100.      
 219.       21.899E+3  100.      
 220.       21.999E+3  100.      
 221.       22.099E+3  100.      
 222.       22.199E+3  100.      
 223.       22.299E+3  100.      
 224.       22.399E+3  100.      
 225.       22.499E+3  100.      
 226.       22.599E+3  100.      
 227.       22.699E+3  100.      
 228.       22.799E+3  100.      
 229.       22.899E+3  100.      
 230.       22.999E+3  100.      
 231.       23.099E+3  100.      
 232.       23.199E+3  100.      
 233.       23.299E+3  100.      
 234.       23.399E+3  100.      
 235.       23.499E+3  100.      
 236.       23.599E+3  100.      
 237.       23.699E+3  100.      
 238.       23.799E+3  100.      
 239.       23.899E+3  100.      
 240.       23.999E+3  100.      
 241.       24.099E+3  100.      
 242.       24.199E+3  100.      
 243.       24.299E+3  100.      
 244.       24.399E+3  100.      
 245.       24.499E+3  100.      
 246.       24.599E+3  100.      
 247.       24.699E+3  100.      
 248.       24.799E+3  100.      
 249.       24.899E+3  100.      
 250.       24.999E+3  100.      
 251.       25.099E+3  100.      
 252.       25.199E+3  100.      
 253.       25.299E+3  100.      
 254.       25.399E+3  100.      
 255.       25.499E+3  100.      
 256.       25.599E+3  100.      
 257.       25.699E+3  100.      
 258.       25.799E+3  100.      
 259.       25.899E+3  100.      
 260.       25.999E+3  100.      
 261.       26.099E+3  100.      
 262.       26.199E+3  100.      
 263.       26.299E+3  100.      
 264.       26.399E+3  100.      
 265.       26.499E+3  100.      
 266.       26.599E+3  100.      
 267.       26.699E+3  100.      
 268.       26.799E+3  100.      
 269.       26.899E+3  100.      
 270.       26.999E+3  100.      
 271.       27.099E+3  100.      
 272.       27.199E+3  100.      
 273.       27.299E+3  100.      
 274.       27.399E+3  100.      
 275.       27.499E+3  100.      
 276.       27.599E+3  100.      
 277.       27.699E+3  100.      
 278.       27.799E+3  100.      
 279.       27.899E+3  100.      
 280.       27.999E+3  100.      
 281.       28.098E+3  100.      
 282.       28.198E+3  100.      
 283.       28.298E+3  100.      
 284.       28.398E+3  100.      
 285.       28.498E+3  100.      
 286.       28.598E+3  100.      
 287.       28.698E+3  100.      
 288.       28.798E+3  100.      
 289.       28.898E+3  100.      
 290.       28.998E+3  100.      
 291.       29.098E+3  100.      
 292.       29.198E+3  100.      
 293.       29.298E+3  100.      
 294.       29.398E+3  100.      
 295.       29.498E+3  100.      
 296.       29.598E+3  100.      
 297.       29.698E+3  100.      
 298.       29.798E+3  100.      
 299.       29.898E+3  100.      
 300.       29.998E+3  100.      
 301.       30.098E+3  100.      
 302.       30.198E+3  100.      
 303.       30.298E+3  100.      
 304.       30.398E+3  100.      
 305.       30.498E+3  100.      
 306.       30.598E+3  100.      
 307.       30.698E+3  100.      
 308.       30.798E+3  100.      
 309.       30.898E+3  100.      
 310.       30.998E+3  100.      
 311.       31.098E+3  100.      
 312.       31.198E+3  100.      
 313.       31.298E+3  100.      
 314.       31.398E+3  100.      
 315.       31.498E+3  100.      
 316.       31.598E+3  100.      
 317.       31.698E+3  100.      
 318.       31.798E+3  100.      
 319.       31.898E+3  100.      
 320.       31.998E+3  100.      
 321.       32.098E+3  100.      
 322.       32.198E+3  100.      
 323.       32.298E+3  100.      
 324.       32.398E+3  100.      
 325.       32.498E+3  100.      
 326.       32.598E+3  100.      
 327.       32.698E+3  100.      
 328.       32.798E+3  100.      
 329.       32.898E+3  100.      
 330.       32.998E+3  100.      
 331.       33.098E+3  100.      
 332.       33.198E+3  100.      
 333.       33.298E+3  100.      
 334.       33.398E+3  100.      
 335.       33.498E+3  100.      
 336.       33.598E+3  100.      
 337.       33.698E+3  100.      
 338.       33.798E+3  100.      
 339.       33.898E+3  100.      
 340.       33.998E+3  100.      
 341.       34.098E+3  100.      
 342.       34.198E+3  100.      
 343.       34.298E+3  100.      
 344.       34.398E+3  100.      
 345.       34.498E+3  100.      
 346.       34.598E+3  100.      
 347.       34.698E+3  100.      
 348.       34.798E+3  100.      
 349.       34.898E+3  100.      
 350.       34.998E+3  100.      
 351.       35.098E+3  100.      
 352.       35.198E+3  100.      
 353.       35.298E+3  100.      
 354.       35.398E+3  100.      
 355.       35.498E+3  100.      
 356.       35.598E+3  100.      
 357.       35.698E+3  100.      
 358.       35.798E+3  100.      
 359.       35.898E+3  100.      
 360.       35.998E+3  100.      
 361.       36.098E+3  100.      
 362.       36.198E+3  100.      
 363.       36.298E+3  100.      
 364.       36.398E+3  100.      
 365.       36.498E+3  100.      
 366.       36.598E+3  100.      
 367.       36.698E+3  100.      
 368.       36.798E+3  100.      
 369.       36.898E+3  100.      
 370.       36.998E+3  100.      
 371.       37.098E+3  100.      
 372.       37.197E+3  100.      
 373.       37.297E+3  100.      
 374.       37.397E+3  100.      
 375.       37.497E+3  100.      
 376.       37.597E+3  100.      
 377.       37.697E+3  100.      
 378.       37.797E+3  100.      
 379.       37.897E+3  100.      
 380.       37.997E+3  100.      
 381.       38.097E+3  100.      
 382.       38.197E+3  100.      
 383.       38.297E+3  100.      
 384.       38.397E+3  100.      
 385.       38.497E+3  100.      
 386.       38.597E+3  100.      
 387.       38.697E+3  100.      
 388.       38.797E+3  100.      
 389.       38.897E+3  100.      
 390.       38.997E+3  100.      
 391.       39.097E+3  100.      
 392.       39.197E+3  100.      
 393.       39.297E+3  100.      
 394.       39.397E+3  100.      
 395.       39.497E+3  100.      
 396.       39.597E+3  100.      
 397.       39.697E+3  100.      
 398.       39.797E+3  100.      
 399.       39.897E+3  100.      
 400.       39.997E+3  100.      
 401.       40.097E+3  100.      
 402.       40.197E+3  100.      
 403.       40.297E+3  100.      
 404.       40.397E+3  100.      
 405.       40.497E+3  100.      
 406.       40.597E+3  100.      
 407.       40.697E+3  100.      
 408.       40.797E+3  100.      
 409.       40.897E+3  100.      
 410.       40.997E+3  100.      
 411.       41.097E+3  100.      
 412.       41.197E+3  100.      
 413.       41.297E+3  100.      
 414.       41.397E+3  100.      
 415.       41.497E+3  100.      
 416.       41.597E+3  100.      
 417.       41.697E+3  100.      
 418.       41.797E+3  100.      
 419.       41.897E+3  100.      
 420.       41.997E+3  100.      
 421.       42.097E+3  100.      
 422.       42.197E+3  100.      
 423.       42.297E+3  100.      
 424.       42.397E+3  100.      
 425.       42.497E+3  100.      
 426.       42.597E+3  100.      
 427.       42.697E+3  100.      
 428.       42.797E+3  100.      
 429.       42.897E+3  100.      
 430.       42.997E+3  100.      
 431.       43.097E+3  100.      
 432.       43.197E+3  100.      
 433.       43.297E+3  100.      
 434.       43.397E+3  100.      
 435.       43.497E+3  100.      
 436.       43.597E+3  100.      
 437.       43.697E+3  100.      
 438.       43.797E+3  100.      
 439.       43.897E+3  100.      
 440.       43.997E+3  100.      
 441.       44.097E+3  100.      
 442.       44.197E+3  100.      
 443.       44.297E+3  100.      
 444.       44.397E+3  100.      
 445.       44.496E+3  100.      
 446.       44.596E+3  100.      
 447.       44.696E+3  100.      
 448.       44.796E+3  100.      
 449.       44.896E+3  100.      
 450.       44.996E+3  100.      
 451.       45.096E+3  100.      
 452.       45.196E+3  100.      
 453.       45.296E+3  100.      
 454.       45.396E+3  100.      
 455.       45.496E+3  100.      
 456.       45.596E+3  100.      
 457.       45.696E+3  100.      
 458.       45.796E+3  100.      
 459.       45.896E+3  100.      
 460.       45.996E+3  100.      
 461.       46.096E+3  100.      
 462.       46.196E+3  100.      
 463.       46.296E+3  100.      
 464.       46.396E+3  100.      
 465.       46.496E+3  100.      
 466.       46.596E+3  100.      
 467.       46.696E+3  100.      
 468.       46.796E+3  100.      
 469.       46.896E+3  100.      
 470.       46.996E+3  100.      
 471.       47.096E+3  100.      
 472.       47.196E+3  100.      
 473.       47.296E+3  100.      
 474.       47.396E+3  100.      
 475.       47.496E+3  100.      
 476.       47.596E+3  100.      
 477.       47.696E+3  100.      
 478.       47.796E+3  100.      
 479.       47.896E+3  100.      
 480.       47.996E+3  100.      
 481.       48.096E+3  100.      
 482.       48.196E+3  100.      
 483.       48.296E+3  100.      
 484.       48.396E+3  100.      
 485.       48.496E+3  100.      
 486.       48.596E+3  100.      
 487.       48.696E+3  100.      
 488.       48.796E+3  100.      
 489.       48.896E+3  100.      
 490.       48.996E+3  100.      
 491.       49.096E+3  100.      
 492.       49.196E+3  100.      
 493.       49.296E+3  100.      
 494.       49.396E+3  100.      
 495.       49.496E+3  100.      
 496.       49.596E+3  100.      
 497.       49.696E+3  100.      
 498.       49.796E+3  100.      
 499.       49.896E+3  100.      
 500.       49.996E+3  100.      
 501.       50.096E+3  100.      
 502.       50.196E+3  100.      
 503.       50.296E+3  100.      
 504.       50.396E+3  100.      
 505.       50.496E+3  100.      
 506.       50.596E+3  100.      
 507.       50.696E+3  100.      
 508.       50.796E+3  100.      
 509.       50.895E+3  100.      
 510.       50.995E+3  100.      
 511.       51.095E+3  100.      
 512.       51.195E+3  100.      
 513.       51.295E+3  100.      
 514.       51.395E+3  100.      
 515.       51.495E+3  100.      
 516.       51.595E+3  100.      
 517.       51.695E+3  100.      
 518.       51.795E+3  100.      
 519.       51.895E+3  100.      
 520.       51.995E+3  100.      
 521.       52.095E+3  100.      
 522.       52.195E+3  100.      
 523.       52.295E+3  100.      
 524.       52.395E+3  100.      
 525.       52.495E+3  100.      
 526.       52.595E+3  100.      
 527.       52.695E+3  100.      
 528.       52.795E+3  100.      
 529.       52.895E+3  100.      
 530.       52.995E+3  100.      
 531.       53.095E+3  100.      
 532.       53.195E+3  100.      
 533.       53.295E+3  100.      
 534.       53.395E+3  100.      
 535.       53.495E+3  100.      
 536.       53.595E+3  100.      
 537.       53.695E+3  100.      
 538.       53.795E+3  100.      
 539.       53.895E+3  100.      
 540.       53.995E+3  100.      
 541.       54.095E+3  100.      
 542.       54.195E+3  100.      
 543.       54.295E+3  100.      
 544.       54.395E+3  100.      
 545.       54.495E+3  100.      
 546.       54.595E+3  100.      
 547.       54.695E+3  100.      
 548.       54.795E+3  100.      
 549.       54.895E+3  100.      
 550.       54.995E+3  100.      
 551.       55.095E+3  100.      
 552.       55.195E+3  100.      
 553.       55.295E+3  100.      
 554.       55.395E+3  100.      
 555.       55.495E+3  100.      
 556.       55.595E+3  100.      
 557.       55.695E+3  100.      
 558.       55.795E+3  100.      
 559.       55.895E+3  100.      
 560.       55.995E+3  100.      
 561.       56.095E+3  100.      
 562.       56.195E+3  100.      
 563.       56.295E+3  100.      
 564.       56.395E+3  100.      
 565.       56.494E+3  100.      
 566.       56.594E+3  100.      
 567.       56.694E+3  100.      
 568.       56.794E+3  100.      
 569.       56.894E+3  100.      
 570.       56.994E+3  100.      
 571.       57.094E+3  100.      
 572.       57.194E+3  100.      
 573.       57.294E+3  100.      
 574.       57.394E+3  100.      
 575.       57.494E+3  100.      
 576.       57.594E+3  100.      
 577.       57.694E+3  100.      
 578.       57.794E+3  100.      
 579.       57.894E+3  100.      
 580.       57.994E+3  100.      
 581.       58.094E+3  100.      
 582.       58.194E+3  100.      
 583.       58.294E+3  100.      
 584.       58.394E+3  100.      
 585.       58.494E+3  100.      
 586.       58.594E+3  100.      
 587.       58.694E+3  100.      
 588.       58.794E+3  100.      
 589.       58.894E+3  100.      
 590.       58.994E+3  100.      
 591.       59.094E+3  100.      
 592.       59.194E+3  100.      
 593.       59.294E+3  100.      
 594.       59.394E+3  100.      
 595.       59.494E+3  100.      
 596.       59.594E+3  100.      
 597.       59.694E+3  100.      
 598.       59.794E+3  100.      
 599.       59.894E+3  100.      
 600.       59.994E+3  100.      
 601.       60.094E+3  100.      
 602.       60.194E+3  100.      
 603.       60.294E+3  100.      
 604.       60.394E+3  100.      
 605.       60.494E+3  100.      
 606.       60.594E+3  100.      
 607.       60.694E+3  100.      
 608.       60.794E+3  100.      
 609.       60.894E+3  100.      
 610.       60.994E+3  100.      
 611.       61.094E+3  100.      
 612.       61.194E+3  100.      
 613.       61.294E+3  100.      
 614.       61.394E+3  100.      
 615.       61.494E+3  100.      
 616.       61.594E+3  100.      
 617.       61.693E+3  100.      
 618.       61.793E+3  100.      
 619.       61.893E+3  100.      
 620.       61.993E+3  100.      
 621.       62.093E+3  100.      
 622.       62.193E+3  100.      
 623.       62.293E+3  100.      
 624.       62.393E+3  100.      
 625.       62.493E+3  100.      
 626.       62.593E+3  100.      
 627.       62.693E+3  100.      
 628.       62.793E+3  100.      
 629.       62.893E+3  100.      
 630.       62.993E+3  100.      
 631.       63.093E+3  100.      
 632.       63.193E+3  100.      
 633.       63.293E+3  100.      
 634.       63.393E+3  100.      
 635.       63.493E+3  100.      
 636.       63.593E+3  100.      
 637.       63.693E+3  100.      
 638.       63.793E+3  100.      
 639.       63.893E+3  100.      
 640.       63.993E+3  100.      
 641.       64.093E+3  100.      
 642.       64.193E+3  100.      
 643.       64.293E+3  100.      
 644.       64.393E+3  100.      
 645.       64.493E+3  100.      
 646.       64.593E+3  100.      
 647.       64.693E+3  100.      
 648.       64.793E+3  100.      
 649.       64.893E+3  100.      
 650.       64.993E+3  100.      
 651.       65.093E+3  100.      
 652.       65.193E+3  100.      
 653.       65.293E+3  100.      
 654.       65.393E+3  100.      
 655.       65.493E+3  100.      
 656.       65.593E+3  100.      
 657.       65.693E+3  100.      
 658.       65.793E+3  100.      
 659.       65.893E+3  100.      
 660.       65.993E+3  100.      
 661.       66.093E+3  100.      
 662.       66.193E+3  100.      
 663.       66.293E+3  100.      
 664.       66.393E+3  100.      
 665.       66.492E+3  100.      
 666.       66.592E+3  100.      
 667.       66.692E+3  100.      
 668.       66.792E+3  100.      
 669.       66.892E+3  100.      
 670.       66.992E+3  100.      
 671.       67.092E+3  100.      
 672.       67.192E+3  100.      
 673.       67.292E+3  100.      
 674.       67.392E+3  100.      
 675.       67.492E+3  100.      
 676.       67.592E+3  100.      
 677.       67.692E+3  100.      
 678.       67.792E+3  100.      
 679.       67.892E+3  100.      
 680.       67.992E+3  100.      
 681.       68.092E+3  100.      
 682.       68.192E+3  100.      
 683.       68.292E+3  100.      
 684.       68.392E+3  100.      
 685.       68.492E+3  100.      
 686.       68.592E+3  100.      
 687.       68.692E+3  100.      
 688.       68.792E+3  100.      
 689.       68.892E+3  100.      
 690.       68.992E+3  100.      
 691.       69.092E+3  100.      
 692.       69.192E+3  100.      
 693.       69.292E+3  100.      
 694.       69.392E+3  100.      
 695.       69.492E+3  100.      
 696.       69.592E+3  100.      
 697.       69.692E+3  100.      
 698.       69.792E+3  100.      
 699.       69.892E+3  100.      
 700.       69.992E+3  100.      
 701.       70.092E+3  100.      
 702.       70.192E+3  100.      
 703.       70.292E+3  100.      
 704.       70.392E+3  100.      
 705.       70.492E+3  100.      
 706.       70.592E+3  100.      
 707.       70.692E+3  100.      
 708.       70.792E+3  100.      
 709.       70.892E+3  100.      
 710.       70.991E+3  100.      
 711.       71.091E+3  100.      
 712.       71.191E+3  100.      
 713.       71.291E+3  100.      
 714.       71.391E+3  100.      
 715.       71.491E+3  100.      
 716.       71.591E+3  100.      
 717.       71.691E+3  100.      
 718.       71.791E+3  100.      
 719.       71.891E+3  100.      
 720.       71.991E+3  100.      
 721.       72.091E+3  100.      
 722.       72.191E+3  100.      
 723.       72.291E+3  100.      
 724.       72.391E+3  100.      
 725.       72.491E+3  100.      
 726.       72.591E+3  100.      
 727.       72.691E+3  100.      
 728.       72.791E+3  100.      
 729.       72.891E+3  100.      
 730.       72.991E+3  100.      
 731.       73.091E+3  100.      
 732.       73.191E+3  100.      
 733.       73.291E+3  100.      
 734.       73.391E+3  100.      
 735.       73.491E+3  100.      
 736.       73.591E+3  100.      
 737.       73.691E+3  100.      
 738.       73.791E+3  100.      
 739.       73.891E+3  100.      
 740.       73.991E+3  100.      
 741.       74.091E+3  100.      
 742.       74.191E+3  100.      
 743.       74.291E+3  100.      
 744.       74.391E+3  100.      
 745.       74.491E+3  100.      
 746.       74.591E+3  100.      
 747.       74.691E+3  100.      
 748.       74.791E+3  100.      
 749.       74.891E+3  100.      
 750.       74.991E+3  100.      
 751.       75.091E+3  100.      
 752.       75.191E+3  100.      
 753.       75.29E+3   100.      
 754.       75.39E+3   100.      
 755.       75.49E+3   100.      
 756.       75.59E+3   100.      
 757.       75.69E+3   100.      
 758.       75.79E+3   100.      
 759.       75.89E+3   100.      
 760.       75.99E+3   100.      
 761.       76.09E+3   100.      
 762.       76.19E+3   100.      
 763.       76.29E+3   100.      
 764.       76.39E+3   100.      
 765.       76.49E+3   100.      
 766.       76.59E+3   100.      
 767.       76.69E+3   100.      
 768.       76.79E+3   100.      
 769.       76.89E+3   100.      
 770.       76.99E+3   100.      
 771.       77.09E+3   100.      
 772.       77.19E+3   100.      
 773.       77.29E+3   100.      
 774.       77.39E+3   100.      
 775.       77.49E+3   100.      
 776.       77.59E+3   100.      
 777.       77.69E+3   100.      
 778.       77.79E+3   100.      
 779.       77.89E+3   100.      
 780.       77.99E+3   100.      
 781.       78.09E+3   100.      
 782.       78.19E+3   100.      
 783.       78.29E+3   100.      
 784.       78.39E+3   100.      
 785.       78.49E+3   100.      
 786.       78.59E+3   100.      
 787.       78.69E+3   100.      
 788.       78.79E+3   100.      
 789.       78.89E+3   100.      
 790.       78.99E+3   100.      
 791.       79.09E+3   100.      
 792.       79.19E+3   100.      
 793.       79.289E+3  100.      
 794.       79.389E+3  100.      
 795.       79.489E+3  100.      
 796.       79.589E+3  100.      
 797.       79.689E+3  100.      
 798.       79.789E+3  100.      
 799.       79.889E+3  100.      
 800.       79.989E+3  100.      
 801.       80.089E+3  100.      
 802.       80.189E+3  100.      
 803.       80.289E+3  100.      
 804.       80.389E+3  100.      
 805.       80.489E+3  100.      
 806.       80.589E+3  100.      
 807.       80.689E+3  100.      
 808.       80.789E+3  100.      
 809.       80.889E+3  100.      
 810.       80.989E+3  100.      
 811.       81.089E+3  100.      
 812.       81.189E+3  100.      
 813.       81.289E+3  100.      
 814.       81.389E+3  100.      
 815.       81.489E+3  100.      
 816.       81.589E+3  100.      
 817.       81.689E+3  100.      
 818.       81.789E+3  100.      
 819.       81.889E+3  100.      
 820.       81.989E+3  100.      
 821.       82.089E+3  100.      
 822.       82.189E+3  100.      
 823.       82.289E+3  100.      
 824.       82.389E+3  100.      
 825.       82.489E+3  100.      
 826.       82.589E+3  100.      
 827.       82.689E+3  100.      
 828.       82.789E+3  100.      
 829.       82.889E+3  100.      
 830.       82.989E+3  100.      
 831.       83.088E+3  100.      
 832.       83.188E+3  100.      
 833.       83.288E+3  100.      
 834.       83.388E+3  100.      
 835.       83.488E+3  100.      
 836.       83.588E+3  100.      
 837.       83.688E+3  100.      
 838.       83.788E+3  100.      
 839.       83.888E+3  100.      
 840.       83.988E+3  100.      
 841.       84.088E+3  100.      
 842.       84.188E+3  100.      
 843.       84.288E+3  100.      
 844.       84.388E+3  100.      
 845.       84.488E+3  100.      
 846.       84.588E+3  100.      
 847.       84.688E+3  100.      
 848.       84.788E+3  100.      
 849.       84.888E+3  100.      
 850.       84.988E+3  100.      
 851.       85.088E+3  100.      
 852.       85.188E+3  100.      
 853.       85.288E+3  100.      
 854.       85.388E+3  100.      
 855.       85.488E+3  100.      
 856.       85.588E+3  100.      
 857.       85.688E+3  100.      
 858.       85.788E+3  100.      
 859.       85.888E+3  100.      
 860.       85.988E+3  100.      
 861.       86.088E+3  100.      
 862.       86.188E+3  100.      
 863.       86.288E+3  100.      
 864.       86.388E+3  100.      
 865.       86.488E+3  100.      
 866.       86.588E+3  100.      
 867.       86.688E+3  100.      
 868.       86.787E+3  100.      
 869.       86.887E+3  100.      
 870.       86.987E+3  100.      
 871.       87.087E+3  100.      
 872.       87.187E+3  100.      
 873.       87.287E+3  100.      
 874.       87.387E+3  100.      
 875.       87.487E+3  100.      
 876.       87.587E+3  100.      
 877.       87.687E+3  100.      
 878.       87.787E+3  100.      
 879.       87.887E+3  100.      
 880.       87.987E+3  100.      
 881.       88.087E+3  100.      
 882.       88.187E+3  100.      
 883.       88.287E+3  100.      
 884.       88.387E+3  100.      
 885.       88.487E+3  100.      
 886.       88.587E+3  100.      
 887.       88.687E+3  100.      
 888.       88.787E+3  100.      
 889.       88.887E+3  100.      
 890.       88.987E+3  100.      
 891.       89.087E+3  100.      
 892.       89.187E+3  100.      
 893.       89.287E+3  100.      
 894.       89.387E+3  100.      
 895.       89.487E+3  100.      
 896.       89.587E+3  100.      
 897.       89.687E+3  100.      
 898.       89.787E+3  100.      
 899.       89.887E+3  100.      
 900.       89.987E+3  100.      
 901.       90.087E+3  100.      
 902.       90.187E+3  100.      
 903.       90.286E+3  100.      
 904.       90.386E+3  100.      
 905.       90.486E+3  100.      
 906.       90.586E+3  100.      
 907.       90.686E+3  100.      
 908.       90.786E+3  100.      
 909.       90.886E+3  100.      
 910.       90.986E+3  100.      
 911.       91.086E+3  100.      
 912.       91.186E+3  100.      
 913.       91.286E+3  100.      
 914.       91.386E+3  100.      
 915.       91.486E+3  100.      
 916.       91.586E+3  100.      
 917.       91.686E+3  100.      
 918.       91.786E+3  100.      
 919.       91.886E+3  100.      
 920.       91.986E+3  100.      
 921.       92.086E+3  100.      
 922.       92.186E+3  100.      
 923.       92.286E+3  100.      
 924.       92.386E+3  100.      
 925.       92.486E+3  100.      
 926.       92.586E+3  100.      
 927.       92.686E+3  100.      
 928.       92.786E+3  100.      
 929.       92.886E+3  100.      
 930.       92.986E+3  100.      
 931.       93.086E+3  100.      
 932.       93.186E+3  100.      
 933.       93.286E+3  100.      
 934.       93.386E+3  100.      
 935.       93.486E+3  100.      
 936.       93.586E+3  100.      
 937.       93.685E+3  100.      
 938.       93.785E+3  100.      
 939.       93.885E+3  100.      
 940.       93.985E+3  100.      
 941.       94.085E+3  100.      
 942.       94.185E+3  100.      
 943.       94.285E+3  100.      
 944.       94.385E+3  100.      
 945.       94.485E+3  100.      
 946.       94.585E+3  100.      
 947.       94.685E+3  100.      
 948.       94.785E+3  100.      
 949.       94.885E+3  100.      
 950.       94.985E+3  100.      
 951.       95.085E+3  100.      
 952.       95.185E+3  100.      
 953.       95.285E+3  100.      
 954.       95.385E+3  100.      
 955.       95.485E+3  100.      
 956.       95.585E+3  100.      
 957.       95.685E+3  100.      
 958.       95.785E+3  100.      
 959.       95.885E+3  100.      
 960.       95.985E+3  100.      
 961.       96.085E+3  100.      
 962.       96.185E+3  100.      
 963.       96.285E+3  100.      
 964.       96.385E+3  100.      
 965.       96.485E+3  100.      
 966.       96.585E+3  100.      
 967.       96.685E+3  100.      
 968.       96.785E+3  100.      
 969.       96.885E+3  100.      
 970.       96.984E+3  100.      
 971.       97.084E+3  100.      
 972.       97.184E+3  100.      
 973.       97.284E+3  100.      
 974.       97.384E+3  100.      
 975.       97.484E+3  100.      
 976.       97.584E+3  100.      
 977.       97.684E+3  100.      
 978.       97.784E+3  100.      
 979.       97.884E+3  100.      
 980.       97.984E+3  100.      
 981.       98.084E+3  100.      
 982.       98.184E+3  100.      
 983.       98.284E+3  100.      
 984.       98.384E+3  100.      
 985.       98.484E+3  100.      
 986.       98.584E+3  100.      
 987.       98.684E+3  100.      
 988.       98.784E+3  100.      
 989.       98.884E+3  100.      
 990.       98.984E+3  100.      
 991.       99.084E+3  100.      
 992.       99.184E+3  100.      
 993.       99.284E+3  100.      
 994.       99.384E+3  100.      
 995.       99.484E+3  100.      
 996.       99.584E+3  100.      
 997.       99.684E+3  100.      
 998.       99.784E+3  100.      
 999.       99.884E+3  100.      
 1.E+3      99.984E+3  100.      
